1
9.394035447
9.676959429
9.613987716
9.413180593
2
6.333000766
6.090067956
5.853321855
7.661915042
4
3.873707522
3.879479130
4.521578403
4.387308746
6
3.086319547
3.095502029
3.108799806
3.238590431
8
2.472325685
2.476233967
2.500350089
2.482231453

-----------

1
8.497122100
8.500167741
7.326433561
7.190053127
2
5.252049997
4.868946152
4.932362732
7.240036546
4
4.338038583
4.161737490
4.462709675
4.553537588
6
3.162183234
3.152192188
3.191936760
3.160233817
8
2.527726063
2.524019220
2.523504592
2.590861175

-----------

1
7.935831686
7.844625706
8.028949419
8.469397573
2
7.502959552
5.349424640
6.732249882
5.379024118
4
4.424760127
4.368935143
4.388963452
4.337385796
6
3.052189244
3.055575389
3.135128821
3.063260762
8
2.474256795
2.465704425
2.528560960
2.453815103

-----------

1
7.863568848
7.909538235
7.922501043
7.762599671
2
5.355475854
5.366559867
5.884477864
5.274220482
4
4.351786396
4.401069495
4.381031986
4.345999137
6
3.105010212
3.066578867
3.078286156
3.141743537
8
2.509979727
2.496990536
2.509809314
2.458703206

-----------

1
7.949783495
7.847185292
7.875560757
7.837400625
2
5.435419833
5.325475476
5.377621731
6.864104240
4
5.029854165
4.350526082
4.377126512
4.378818835
6
3.066052137
3.045673765
3.048549124
3.053604514
8
2.457034762
2.470083860
2.507206469
2.481488913

-----------

1
8.117224181
8.349415336
7.751823077
8.069605508
2
5.480347933
7.571100484
6.177772198
7.622947881
4
4.537527815
4.498610863
4.609997643
4.710633300
6
3.594282404
3.075230232
3.106278150
3.083256194
8
2.465808351
2.487824572
2.452992147
2.496913467
